//approx func: 1 - exp(-exp(t-1) * sqrt(3)/1024) as: P_table(t) + N_table(t),
, where t is UFix(4 exp, -(k1+k2+k3-4) exp), and k1=6, k2=4, k3=4.
00000000000101
00000000000101
00000000000101
00000000000101
00000000000101
00000000000110
00000000000110
00000000000110
00000000000110
00000000000110
00000000000110
00000000000110
00000000000110
00000000000110
00000000000110
00000000000110
00000000000111
00000000000111
00000000000111
00000000000111
00000000000111
00000000000111
00000000000111
00000000000111
00000000000111
00000000001000
00000000001000
00000000001000
00000000001000
00000000001000
00000000001000
00000000001000
00000000001000
00000000001001
00000000001001
00000000001001
00000000001001
00000000001001
00000000001001
00000000001001
00000000001010
00000000001010
00000000001010
00000000001010
00000000001010
00000000001010
00000000001010
00000000001011
00000000001011
00000000001011
00000000001011
00000000001011
00000000001011
00000000001100
00000000001100
00000000001100
00000000001100
00000000001100
00000000001101
00000000001101
00000000001101
00000000001101
00000000001101
00000000001110
00000000001110
00000000001110
00000000001110
00000000001111
00000000001111
00000000001111
00000000001111
00000000001111
00000000010000
00000000010000
00000000010000
00000000010000
00000000010001
00000000010001
00000000010001
00000000010010
00000000010010
00000000010010
00000000010010
00000000010011
00000000010011
00000000010011
00000000010100
00000000010100
00000000010100
00000000010100
00000000010101
00000000010101
00000000010101
00000000010110
00000000010110
00000000010110
00000000010111
00000000010111
00000000011000
00000000011000
00000000011000
00000000011001
00000000011001
00000000011001
00000000011010
00000000011010
00000000011011
00000000011011
00000000011100
00000000011100
00000000011100
00000000011101
00000000011101
00000000011110
00000000011110
00000000011111
00000000011111
00000000100000
00000000100000
00000000100001
00000000100001
00000000100010
00000000100010
00000000100011
00000000100011
00000000100100
00000000100100
00000000100101
00000000100110
00000000100110
00000000100111
00000000100111
00000000101000
00000000101001
00000000101001
00000000101010
00000000101011
00000000101011
00000000101100
00000000101101
00000000101101
00000000101110
00000000101111
00000000110000
00000000110000
00000000110001
00000000110010
00000000110011
00000000110011
00000000110100
00000000110101
00000000110110
00000000110111
00000000111000
00000000111000
00000000111001
00000000111010
00000000111011
00000000111100
00000000111101
00000000111110
00000000111111
00000001000000
00000001000001
00000001000010
00000001000011
00000001000100
00000001000101
00000001000110
00000001000111
00000001001000
00000001001001
00000001001011
00000001001100
00000001001101
00000001001110
00000001001111
00000001010001
00000001010010
00000001010011
00000001010100
00000001010110
00000001010111
00000001011001
00000001011010
00000001011011
00000001011101
00000001011110
00000001100000
00000001100001
00000001100011
00000001100100
00000001100110
00000001100111
00000001101001
00000001101011
00000001101100
00000001101110
00000001110000
00000001110001
00000001110011
00000001110101
00000001110111
00000001111001
00000001111011
00000001111101
00000001111111
00000010000001
00000010000010
00000010000100
00000010000110
00000010001001
00000010001011
00000010001101
00000010001111
00000010010001
00000010010100
00000010010110
00000010011000
00000010011011
00000010011101
00000010100000
00000010100010
00000010100101
00000010100111
00000010101010
00000010101100
00000010101111
00000010110010
00000010110101
00000010110111
00000010111010
00000010111101
00000011000000
00000011000011
00000011000110
00000011001001
00000011001100
00000011010000
00000011010011
00000011010110
00000011011001
00000011011101
00000011100000
00000011100100
00000011100111
00000011101011
00000011101110
00000011110010
00000011110110
00000011111010
00000011111110
00000100000010
00000100000110
00000100001010
00000100001110
00000100010010
00000100010110
00000100011010
00000100011111
00000100100011
00000100101000
00000100101100
00000100110001
00000100110110
00000100111010
00000100111111
00000101000100
00000101001001
00000101001110
00000101010100
00000101011001
00000101011110
00000101100011
00000101101000
00000101101110
00000101110100
00000101111001
00000101111111
00000110000101
00000110001011
00000110010001
00000110011000
00000110011110
00000110100100
00000110101011
00000110110001
00000110111000
00000110111110
00000111000101
00000111001100
00000111010011
00000111011010
00000111100010
00000111101001
00000111110000
00000111111000
00001000000000
00001000001000
00001000010000
00001000011000
00001000100000
00001000101000
00001000110001
00001000111000
00001001000001
00001001001010
00001001010011
00001001011100
00001001100101
00001001101110
00001001111000
00001010000001
00001010001011
00001010010101
00001010011111
00001010101001
00001010110100
00001010111110
00001011001001
00001011010010
00001011011101
00001011101000
00001011110100
00001011111111
00001100001011
00001100010110
00001100100010
00001100101110
00001100111011
00001101000111
00001101010100
00001101100000
00001101101101
00001101111010
00001110001000
00001110010100
00001110100001
00001110101111
00001110111101
00001111001100
00001111011010
00001111101001
00001111110111
00010000000110
00010000010110
00010000100101
00010000110101
00010001000101
00010001010101
00010001100101
00010001110110
00010010000101
00010010010110
00010010100111
00010010111000
00010011001010
00010011011100
00010011101110
00010100000000
00010100010011
00010100100110
00010100111001
00010101001100
00010101100000
00010101110011
00010110000111
00010110011100
00010110101110
00010111000011
00010111011000
00010111101110
00011000000011
00011000011001
00011000101111
00011001000110
00011001011101
00011001110100
00011010001011
00011010100010
00011010111010
00011011010010
00011011101011
00011100000100
00011100011010
00011100110100
00011101001101
00011101100111
00011110000001
00011110011100
00011110110111
00011111010010
00011111101101
00100000001001
00100000100101
00100001000001
00100001011110
00100001111011
00100010011000
00100010110110
00100011010001
00100011101111
00100100001110
00100100101101
00100101001100
00100101101011
00100110001011
00100110101011
00100111001100
00100111101100
00101000001110
00101000101111
00101001010001
00101001110011
00101010010101
00101010111000
00101011011000
00101011111100
00101100011111
00101101000011
00101101101000
00101110001100
00101110110001
00101111010111
00101111111100
00110000100010
00110001001000
00110001101111
00110010010101
00110010111101
00110011100100
00110100001100
00110100110001
00110101011010
00110110000010
00110110101011
00110111010100
00110111111110
00111000100111
00111001010001
00111001111011
00111010100110
00111011010001
00111011111100
00111100100111
00111101010010
00111101111110
00111110101010
00111111010100
01000000000001
01000000101101
01000001011010
01000010000111
01000010110100
01000011100010
01000100001111
01000100111101
01000101101011
01000110011001
01000111000111
01000111110101
01001000100011
01001001010010
01001010000001
01001010101111
01001011011101
01001100001100
01001100111011
01001101101010
01001110011001
01001111001000
01001111110111
01010000100110
01010001010101
01010010000101
01010010110100
01010011100011
01010100010010
01010101000000
01010101101111
01010110011111
01010111001101
01010111111100
01011000101010
01011001011001
01011010000111
01011010110101
01011011100011
01011100010000
01011100111110
01011101101011
01011110011000
01011111000100
01011111110001
01100000011101
01100001001001
01100001110111
01100010100010
01100011001101
01100011111000
01100100100010
01100101001100
01100101110101
01100110011111
01100111000111
01100111110000
01101000011000
01101000111111
01101001100110
01101010001101
01101010110011
01101011011001
01101100000001
01101100100110
01101101001010
01101101101110
01101110010001
01101110110011
01101111010101
01101111110111
01110000011000
01110000111000
01110001011000
01110001110111
01110010010101
01110010110011
01110011010001
01110011101110
01110100001110
01110100101010
01110101000101
01110101011111
01110101111001
01110110010010
01110110101010
01110111000010
01110111011001
01110111110000
01111000000110
01111000011011
01111000110000
01111001000100
01111001011000
01111001101011
01111010000010
01111010010011
01111010100101
01111010110101
01111011000101
01111011010101
01111011100100
01111011110010
01111100000000
01111100001101
01111100011010
01111100100111
01111100110010
01111100111110
01111101001001
01111101010011
01111101100000
01111101101010
01111101110011
01111101111011
01111110000011
01111110001011
01111110010011
01111110011010
01111110100000
01111110100111
01111110101101
01111110110010
01111110110111
01111110111100
01111111000001
01111111000110
01111111001100
01111111010000
01111111010011
01111111010111
01111111011010
01111111011101
01111111100000
01111111100010
01111111100101
01111111100111
01111111101001
01111111101011
01111111101101
01111111101111
01111111110000
01111111110001
01111111110100
01111111110101
01111111110110
01111111110111
01111111111000
01111111111001
01111111111001
01111111111010
01111111111011
01111111111011
01111111111100
01111111111100
01111111111101
01111111111101
01111111111101
01111111111110
01111111111110
01111111111110
01111111111110
01111111111111
01111111111111
01111111111111
01111111111111
01111111111111
01111111111111
01111111111111
01111111111111
10000000000000
10000000000000
10000000000000
10000000000000
10000000000000
10000000000000
10000000000000
10000000000000
10000000000000
10000000000000
10000000000000
10000000000000
10000000000000
10000000000000
10000000000000
10000000000000
10000000000000
10000000000000
10000000000000
10000000000000
10000000000000
10000000000000
10000000000000
10000000000000
10000000000000
10000000000000
10000000000000
10000000000000
10000000000000
10000000000000
10000000000000
10000000000000
10000000000000
10000000000000
10000000000000
10000000000000
10000000000000
10000000000000
10000000000000
10000000000000
10000000000000
10000000000000
10000000000000
10000000000000
10000000000000
10000000000000
10000000000000
10000000000000
10000000000000
10000000000000
10000000000000
10000000000000
10000000000000
10000000000000
10000000000000
10000000000000
10000000000000
10000000000000
10000000000000
10000000000000
10000000000000
10000000000000
10000000000000
10000000000000
10000000000000
10000000000000
10000000000000
10000000000000
10000000000000
10000000000000
10000000000000
10000000000000
10000000000000
10000000000000
10000000000000
10000000000000
10000000000000
10000000000000
10000000000000
10000000000000
10000000000000
10000000000000
10000000000000
10000000000000
10000000000000
10000000000000
10000000000000
10000000000000
10000000000000
10000000000000
10000000000000
10000000000000
10000000000000
10000000000000
10000000000000
10000000000000
10000000000000
10000000000000
10000000000000
10000000000000
10000000000000
10000000000000
10000000000000
10000000000000
10000000000000
10000000000000
10000000000000
10000000000000
10000000000000
10000000000000
10000000000000
10000000000000
10000000000000
10000000000000
10000000000000
10000000000000
10000000000000
10000000000000
10000000000000
10000000000000
10000000000000
10000000000000
10000000000000
10000000000000
10000000000000
10000000000000
10000000000000
10000000000000
10000000000000
10000000000000
10000000000000
10000000000000
10000000000000
10000000000000
10000000000000
10000000000000
10000000000000
10000000000000
10000000000000
10000000000000
10000000000000
10000000000000
10000000000000
10000000000000
10000000000000
10000000000000
10000000000000
10000000000000
10000000000000
10000000000000
10000000000000
10000000000000
10000000000000
10000000000000
10000000000000
10000000000000
10000000000000
10000000000000
10000000000000
10000000000000
10000000000000
10000000000000
10000000000000
10000000000000
10000000000000
10000000000000
10000000000000
10000000000000
10000000000000
10000000000000
10000000000000
10000000000000
10000000000000
10000000000000
10000000000000
10000000000000
10000000000000
10000000000000
10000000000000
10000000000000
10000000000000
10000000000000
10000000000000
10000000000000
10000000000000
10000000000000
10000000000000
10000000000000
10000000000000
10000000000000
10000000000000
10000000000000
10000000000000
10000000000000
10000000000000
10000000000000
10000000000000
10000000000000
10000000000000
10000000000000
10000000000000
10000000000000
10000000000000
10000000000000
10000000000000
10000000000000
10000000000000
10000000000000
10000000000000
10000000000000
10000000000000
10000000000000
10000000000000
10000000000000
10000000000000
10000000000000
10000000000000
10000000000000
10000000000000
10000000000000
10000000000000
10000000000000
10000000000000
10000000000000
10000000000000
10000000000000
10000000000000
10000000000000
10000000000000
10000000000000
10000000000000
10000000000000
10000000000000
10000000000000
10000000000000
10000000000000
10000000000000
10000000000000
10000000000000
10000000000000
10000000000000
10000000000000
10000000000000
10000000000000
10000000000000
10000000000000
10000000000000
10000000000000
10000000000000
10000000000000
10000000000000
10000000000000
10000000000000
10000000000000
10000000000000
10000000000000
10000000000000
10000000000000
10000000000000
10000000000000
10000000000000
10000000000000
10000000000000
10000000000000
10000000000000
10000000000000
10000000000000
10000000000000
10000000000000
10000000000000
10000000000000
10000000000000
10000000000000
10000000000000
10000000000000
10000000000000
10000000000000
10000000000000
10000000000000
10000000000000
10000000000000
10000000000000
10000000000000
10000000000000
10000000000000
10000000000000
10000000000000
10000000000000
10000000000000
10000000000000
10000000000000
10000000000000
10000000000000
10000000000000
10000000000000
10000000000000
10000000000000
10000000000000
10000000000000
10000000000000
10000000000000
10000000000000
10000000000000
10000000000000
10000000000000
10000000000000
10000000000000
10000000000000
10000000000000
10000000000000
10000000000000
10000000000000
10000000000000
10000000000000
10000000000000
10000000000000
10000000000000
10000000000000
10000000000000
10000000000000
10000000000000
10000000000000
10000000000000
10000000000000
10000000000000
10000000000000
10000000000000
10000000000000
10000000000000
10000000000000
10000000000000
10000000000000
10000000000000
10000000000000
10000000000000
10000000000000
10000000000000
10000000000000
10000000000000
10000000000000
10000000000000
10000000000000
10000000000000
10000000000000
10000000000000
10000000000000
10000000000000
10000000000000
10000000000000
10000000000000
10000000000000
10000000000000
10000000000000
10000000000000
10000000000000
10000000000000
10000000000000
10000000000000
10000000000000
10000000000000
10000000000000
10000000000000
10000000000000
10000000000000
10000000000000
10000000000000
10000000000000
10000000000000
10000000000000
10000000000000
10000000000000
10000000000000
10000000000000
10000000000000
10000000000000
10000000000000
10000000000000
10000000000000
10000000000000
10000000000000
10000000000000
10000000000000
10000000000000
10000000000000
10000000000000
10000000000000
10000000000000
10000000000000
10000000000000
10000000000000
10000000000000
10000000000000
10000000000000
10000000000000
10000000000000
10000000000000
10000000000000
10000000000000
10000000000000
10000000000000
10000000000000
10000000000000
10000000000000
10000000000000
10000000000000
0000000000000000
0000000000000000
0000000000000000
0000000000000000
0000000000000000
0000000000000000
0000000000000000
0000000000000000
0000000000000000
0000000000000000
0000000000000000
0000000000000000
0000000000000000
0000000000000000
0000000000000000
0000000000000000
0000000000000000
0000000000000000
0000000000000000
0000000000000000
0000000000000000
0000000000000000
0000000000000000
0000000000000000
0000000000000000
0000000000000000
0000000000000000
0000000000000000
0000000000000000
0000000000000000
0000000000000000
0000000000000000
0000000000000000
0000000000000000
0000000000000000
0000000000000000
0000000000000000
0000000000000000
0000000000000000
0000000000000000
0000000000000000
0000000000000000
0000000000000000
0000000000000000
0000000000000000
0000000000000000
0000000000000001
0000000000000001
0000000000000000
0000000000000000
0000000000000000
0000000000000000
0000000000000000
0000000000000000
0000000000000000
0000000000000000
0000000000000000
0000000000000000
0000000000000000
0000000000000001
0000000000000001
0000000000000001
0000000000000001
0000000000000001
0000000000000000
0000000000000000
0000000000000000
0000000000000000
0000000000000000
0000000000000000
0000000000000000
0000000000000000
0000000000000000
0000000000000001
0000000000000001
0000000000000001
0000000000000001
0000000000000001
0000000000000001
0000000000000001
0000000000000000
0000000000000000
0000000000000000
0000000000000000
0000000000000000
0000000000000000
0000000000000000
0000000000000001
0000000000000001
0000000000000001
0000000000000001
0000000000000001
0000000000000001
0000000000000001
0000000000000001
0000000000000001
0000000000000000
0000000000000000
0000000000000000
0000000000000000
0000000000000000
0000000000000001
0000000000000001
0000000000000001
0000000000000001
0000000000000001
0000000000000001
0000000000000001
0000000000000001
0000000000000001
0000000000000001
0000000000000010
0000000000000000
0000000000000000
0000000000000000
0000000000000000
0000000000000001
0000000000000001
0000000000000001
0000000000000001
0000000000000001
0000000000000001
0000000000000001
0000000000000001
0000000000000010
0000000000000010
0000000000000010
0000000000000010
0000000000000000
0000000000000000
0000000000000000
0000000000000000
0000000000000001
0000000000000001
0000000000000001
0000000000000001
0000000000000001
0000000000000001
0000000000000010
0000000000000010
0000000000000010
0000000000000010
0000000000000010
0000000000000011
0000000000000000
0000000000000000
0000000000000000
0000000000000001
0000000000000001
0000000000000001
0000000000000001
0000000000000001
0000000000000010
0000000000000010
0000000000000010
0000000000000010
0000000000000011
0000000000000011
0000000000000011
0000000000000011
0000000000000000
0000000000000000
0000000000000001
0000000000000001
0000000000000001
0000000000000001
0000000000000010
0000000000000010
0000000000000010
0000000000000010
0000000000000011
0000000000000011
0000000000000011
0000000000000100
0000000000000100
0000000000000100
0000000000000000
0000000000000000
0000000000000001
0000000000000001
0000000000000001
0000000000000010
0000000000000010
0000000000000010
0000000000000011
0000000000000011
0000000000000100
0000000000000100
0000000000000100
0000000000000101
0000000000000101
0000000000000101
0000000000000000
0000000000000000
0000000000000001
0000000000000001
0000000000000010
0000000000000010
0000000000000011
0000000000000011
0000000000000100
0000000000000100
0000000000000100
0000000000000101
0000000000000101
0000000000000110
0000000000000110
0000000000000111
0000000000000000
0000000000000001
0000000000000001
0000000000000010
0000000000000010
0000000000000011
0000000000000011
0000000000000100
0000000000000101
0000000000000101
0000000000000110
0000000000000110
0000000000000111
0000000000000111
0000000000001000
0000000000001001
0000000000000000
0000000000000001
0000000000000001
0000000000000010
0000000000000011
0000000000000100
0000000000000100
0000000000000101
0000000000000110
0000000000000111
0000000000000111
0000000000001000
0000000000001001
0000000000001010
0000000000001010
0000000000001011
0000000000000000
0000000000000001
0000000000000010
0000000000000011
0000000000000100
0000000000000101
0000000000000110
0000000000000111
0000000000000111
0000000000001000
0000000000001001
0000000000001010
0000000000001011
0000000000001100
0000000000001101
0000000000001110
0000000000000000
0000000000000001
0000000000000010
0000000000000100
0000000000000101
0000000000000110
0000000000000111
0000000000001000
0000000000001010
0000000000001011
0000000000001100
0000000000001101
0000000000001110
0000000000001111
0000000000010001
0000000000010010
0000000000000000
0000000000000010
0000000000000011
0000000000000101
0000000000000110
0000000000001000
0000000000001001
0000000000001011
0000000000001100
0000000000001110
0000000000001111
0000000000010001
0000000000010010
0000000000010100
0000000000010101
0000000000010111
0000000000000000
0000000000000010
0000000000000100
0000000000000110
0000000000001000
0000000000001010
0000000000001011
0000000000001101
0000000000001111
0000000000010001
0000000000010011
0000000000010101
0000000000010111
0000000000011001
0000000000011011
0000000000011101
0000000000000000
0000000000000010
0000000000000101
0000000000000111
0000000000001010
0000000000001100
0000000000001110
0000000000010001
0000000000010011
0000000000010110
0000000000011000
0000000000011011
0000000000011101
0000000000011111
0000000000100010
0000000000100100
0000000000000000
0000000000000011
0000000000000110
0000000000001001
0000000000001100
0000000000001111
0000000000010010
0000000000010101
0000000000011000
0000000000011011
0000000000011110
0000000000100001
0000000000100100
0000000000100111
0000000000101010
0000000000101101
0000000000000000
0000000000000100
0000000000001000
0000000000001011
0000000000001111
0000000000010011
0000000000010111
0000000000011010
0000000000011110
0000000000100010
0000000000100110
0000000000101001
0000000000101101
0000000000110001
0000000000110101
0000000000111001
0000000000000000
0000000000000101
0000000000001001
0000000000001110
0000000000010011
0000000000010111
0000000000011100
0000000000100001
0000000000100101
0000000000101010
0000000000101111
0000000000110011
0000000000111000
0000000000111101
0000000001000001
0000000001000110
0000000000000000
0000000000000110
0000000000001011
0000000000010001
0000000000010111
0000000000011100
0000000000100010
0000000000101000
0000000000101101
0000000000110011
0000000000111001
0000000000111111
0000000001000100
0000000001001010
0000000001010000
0000000001010101
0000000000000000
0000000000000111
0000000000001110
0000000000010100
0000000000011011
0000000000100010
0000000000101001
0000000000110000
0000000000110111
0000000000111110
0000000001000100
0000000001001011
0000000001010010
0000000001011001
0000000001100000
0000000001100111
0000000000000000
0000000000001000
0000000000010000
0000000000011000
0000000000100000
0000000000101000
0000000000110001
0000000000111001
0000000001000001
0000000001001001
0000000001010001
0000000001011001
0000000001100001
0000000001101001
0000000001110010
0000000001111010
0000000000000000
0000000000001001
0000000000010011
0000000000011100
0000000000100101
0000000000101111
0000000000111000
0000000001000010
0000000001001011
0000000001010100
0000000001011110
0000000001100111
0000000001110000
0000000001111010
0000000010000011
0000000010001101
0000000000000000
0000000000001010
0000000000010101
0000000000011111
0000000000101010
0000000000110101
0000000000111111
0000000001001010
0000000001010100
0000000001011111
0000000001101001
0000000001110100
0000000001111110
0000000010001001
0000000010010011
0000000010011110
0000000000000000
0000000000001011
0000000000010111
0000000000100010
0000000000101101
0000000000111001
0000000001000100
0000000001001111
0000000001011011
0000000001100110
0000000001110010
0000000001111101
0000000010001000
0000000010010100
0000000010011111
0000000010101010
0000000000000000
0000000000001100
0000000000010111
0000000000100011
0000000000101111
0000000000111010
0000000001000110
0000000001010010
0000000001011110
0000000001101001
0000000001110101
0000000010000001
0000000010001100
0000000010011000
0000000010100100
0000000010101111
0000000000000000
0000000000001011
0000000000010111
0000000000100010
0000000000101101
0000000000111001
0000000001000100
0000000001001111
0000000001011011
0000000001100110
0000000001110001
0000000001111100
0000000010001000
0000000010010011
0000000010011110
0000000010101010
0000000000000000
0000000000001010
0000000000010100
0000000000011110
0000000000101001
0000000000110011
0000000000111101
0000000001000111
0000000001010001
0000000001011011
0000000001100101
0000000001101111
0000000001111001
0000000010000011
0000000010001110
0000000010011000
0000000000000000
0000000000001000
0000000000010000
0000000000011001
0000000000100001
0000000000101001
0000000000110001
0000000000111001
0000000001000010
0000000001001010
0000000001010010
0000000001011010
0000000001100010
0000000001101010
0000000001110010
0000000001111011
0000000000000000
0000000000000110
0000000000001100
0000000000010010
0000000000010111
0000000000011101
0000000000100011
0000000000101001
0000000000101111
0000000000110101
0000000000111010
0000000001000000
0000000001000110
0000000001001100
0000000001010010
0000000001010111
0000000000000000
0000000000000100
0000000000000111
0000000000001011
0000000000001110
0000000000010010
0000000000010101
0000000000011001
0000000000011100
0000000000100000
0000000000100011
0000000000100111
0000000000101010
0000000000101110
0000000000110001
0000000000110101
0000000000000000
0000000000000010
0000000000000100
0000000000000101
0000000000000111
0000000000001001
0000000000001011
0000000000001100
0000000000001110
0000000000010000
0000000000010010
0000000000010011
0000000000010101
0000000000010111
0000000000011001
0000000000011010
0000000000000000
0000000000000001
0000000000000001
0000000000000010
0000000000000011
0000000000000011
0000000000000100
0000000000000101
0000000000000101
0000000000000110
0000000000000111
0000000000000111
0000000000001000
0000000000001001
0000000000001001
0000000000001010
0000000000000000
0000000000000000
0000000000000000
0000000000000001
0000000000000001
0000000000000001
0000000000000001
0000000000000001
0000000000000010
0000000000000010
0000000000000010
0000000000000010
0000000000000010
0000000000000010
0000000000000011
0000000000000011
0000000000000000
0000000000000000
0000000000000000
0000000000000000
0000000000000000
0000000000000000
0000000000000000
0000000000000000
0000000000000000
0000000000000000
0000000000000000
0000000000000000
0000000000000000
0000000000000000
0000000000000000
0000000000000001
0000000000000000
0000000000000000
0000000000000000
0000000000000000
0000000000000000
0000000000000000
0000000000000000
0000000000000000
0000000000000000
0000000000000000
0000000000000000
0000000000000000
0000000000000000
0000000000000000
0000000000000000
0000000000000000
0000000000000000
0000000000000000
0000000000000000
0000000000000000
0000000000000000
0000000000000000
0000000000000000
0000000000000000
0000000000000000
0000000000000000
0000000000000000
0000000000000000
0000000000000000
0000000000000000
0000000000000000
0000000000000000
0000000000000000
0000000000000000
0000000000000000
0000000000000000
0000000000000000
0000000000000000
0000000000000000
0000000000000000
0000000000000000
0000000000000000
0000000000000000
0000000000000000
0000000000000000
0000000000000000
0000000000000000
0000000000000000
0000000000000000
0000000000000000
0000000000000000
0000000000000000
0000000000000000
0000000000000000
0000000000000000
0000000000000000
0000000000000000
0000000000000000
0000000000000000
0000000000000000
0000000000000000
0000000000000000
0000000000000000
0000000000000000
0000000000000000
0000000000000000
0000000000000000
0000000000000000
0000000000000000
0000000000000000
0000000000000000
0000000000000000
0000000000000000
0000000000000000
0000000000000000
0000000000000000
0000000000000000
0000000000000000
0000000000000000
0000000000000000
0000000000000000
0000000000000000
0000000000000000
0000000000000000
0000000000000000
0000000000000000
0000000000000000
0000000000000000
0000000000000000
0000000000000000
0000000000000000
0000000000000000
0000000000000000
0000000000000000
0000000000000000
0000000000000000
0000000000000000
0000000000000000
0000000000000000
0000000000000000
0000000000000000
0000000000000000
0000000000000000
0000000000000000
0000000000000000
0000000000000000
0000000000000000
0000000000000000
0000000000000000
0000000000000000
0000000000000000
0000000000000000
0000000000000000
0000000000000000
0000000000000000
0000000000000000
0000000000000000
0000000000000000
0000000000000000
0000000000000000
0000000000000000
0000000000000000
0000000000000000
0000000000000000
0000000000000000
0000000000000000
0000000000000000
0000000000000000
0000000000000000
0000000000000000
0000000000000000
0000000000000000
0000000000000000
0000000000000000
0000000000000000
0000000000000000
0000000000000000
0000000000000000
0000000000000000
0000000000000000
0000000000000000
0000000000000000
0000000000000000
0000000000000000
0000000000000000
0000000000000000
0000000000000000
0000000000000000
0000000000000000
0000000000000000
0000000000000000
0000000000000000
0000000000000000
0000000000000000
0000000000000000
0000000000000000
0000000000000000
0000000000000000
0000000000000000
0000000000000000
0000000000000000
0000000000000000
0000000000000000
0000000000000000
0000000000000000
0000000000000000
0000000000000000
0000000000000000
0000000000000000
0000000000000000
0000000000000000
0000000000000000
0000000000000000
0000000000000000
0000000000000000
0000000000000000
0000000000000000
0000000000000000
0000000000000000
0000000000000000
0000000000000000
0000000000000000
0000000000000000
0000000000000000
0000000000000000
0000000000000000
0000000000000000
0000000000000000
0000000000000000
0000000000000000
0000000000000000
0000000000000000
0000000000000000
0000000000000000
0000000000000000
0000000000000000
0000000000000000
0000000000000000
0000000000000000
0000000000000000
0000000000000000
0000000000000000
0000000000000000
0000000000000000
0000000000000000
0000000000000000
0000000000000000
0000000000000000
0000000000000000
0000000000000000
0000000000000000
0000000000000000
0000000000000000
0000000000000000
0000000000000000
0000000000000000
0000000000000000
0000000000000000
0000000000000000
0000000000000000
0000000000000000
0000000000000000
0000000000000000
0000000000000000
0000000000000000
0000000000000000
0000000000000000
0000000000000000
0000000000000000
0000000000000000
0000000000000000
0000000000000000
0000000000000000
0000000000000000
0000000000000000
0000000000000000
0000000000000000
0000000000000000
0000000000000000
0000000000000000
0000000000000000
0000000000000000
0000000000000000
0000000000000000
0000000000000000
0000000000000000
0000000000000000
0000000000000000
0000000000000000
0000000000000000
0000000000000000
0000000000000000
0000000000000000
0000000000000000
0000000000000000
0000000000000000
0000000000000000
0000000000000000
0000000000000000
0000000000000000
0000000000000000
0000000000000000
0000000000000000
0000000000000000
0000000000000000
0000000000000000
0000000000000000
0000000000000000
0000000000000000
0000000000000000
0000000000000000
0000000000000000
0000000000000000
0000000000000000
0000000000000000
0000000000000000
0000000000000000
0000000000000000
0000000000000000
0000000000000000
0000000000000000
0000000000000000
0000000000000000
0000000000000000
0000000000000000
0000000000000000
0000000000000000
0000000000000000
0000000000000000
0000000000000000
0000000000000000
0000000000000000
0000000000000000
0000000000000000
0000000000000000
0000000000000000
0000000000000000
0000000000000000
0000000000000000
0000000000000000
0000000000000000
0000000000000000
0000000000000000
0000000000000000
0000000000000000
0000000000000000
0000000000000000
0000000000000000
0000000000000000
0000000000000000
0000000000000000
0000000000000000
0000000000000000
0000000000000000
0000000000000000
0000000000000000
0000000000000000
0000000000000000
0000000000000000
0000000000000000
0000000000000000
0000000000000000
0000000000000000
0000000000000000
0000000000000000
0000000000000000
0000000000000000
0000000000000000
0000000000000000
0000000000000000
0000000000000000
0000000000000000
0000000000000000
0000000000000000
0000000000000000
0000000000000000
0000000000000000
0000000000000000
0000000000000000
0000000000000000
0000000000000000
0000000000000000
0000000000000000
0000000000000000
0000000000000000
0000000000000000
0000000000000000
0000000000000000
0000000000000000
0000000000000000
0000000000000000
0000000000000000
0000000000000000
0000000000000000
0000000000000000
0000000000000000
0000000000000000
0000000000000000
0000000000000000
0000000000000000
0000000000000000
0000000000000000
0000000000000000
0000000000000000
0000000000000000
0000000000000000
0000000000000000
0000000000000000
0000000000000000
0000000000000000
0000000000000000
0000000000000000
0000000000000000
0000000000000000
0000000000000000
0000000000000000
0000000000000000
0000000000000000
0000000000000000
0000000000000000
0000000000000000
0000000000000000
0000000000000000
0000000000000000
0000000000000000
0000000000000000
0000000000000000
0000000000000000
0000000000000000
0000000000000000
0000000000000000
0000000000000000
0000000000000000
0000000000000000
0000000000000000
0000000000000000
0000000000000000
0000000000000000
0000000000000000
0000000000000000
